function [C_1,C_3,C_4] = get_C_matrices()
C_1 = [1 0 0 0 0 0];
C_3 = [1 0 0 0 0 0;
       0 0 0 0 1 0];
C_4 = [1 0 0 0 0 0;
       0 0 1 0 0 0;
       0 0 0 0 1 0];
end